              precision    recall  f1-score   support

       A:maj      0.647     0.732     0.687     16011
       A:min      0.597     0.231     0.333      4600
      Ab:maj      0.642     0.445     0.526      3063
      Ab:min      0.125     0.277     0.172       235
       B:maj      0.415     0.483     0.446      4720
       B:min      0.546     0.152     0.238      4772
      Bb:maj      0.484     0.587     0.530      3452
      Bb:min      0.305     0.207     0.247      1143
       C:maj      0.590     0.720     0.649     11411
       C:min      0.811     0.051     0.096      5083
       D:maj      0.624     0.736     0.675     14686
       D:min      0.074     0.229     0.112       641
      Db:maj      0.340     0.390     0.364      2350
      Db:min      0.610     0.432     0.505      2074
       E:maj      0.530     0.748     0.620     11683
       E:min      0.516     0.149     0.231      4430
      Eb:maj      0.556     0.583     0.569      2856
      Eb:min      0.145     0.163     0.153       307
       F:maj      0.627     0.663     0.644      6814
       F:min      0.301     0.237     0.265      2598
       G:maj      0.666     0.718     0.691     17200
       G:min      0.351     0.269     0.305      1706
      Gb:maj      0.568     0.484     0.523      3440
      Gb:min      0.418     0.425     0.422      3544

    accuracy                          0.566    128819
   macro avg      0.479     0.421     0.417    128819
weighted avg      0.578     0.566     0.544    128819
