Classification Report - bottleneck - TRAIN
======================================================================

              precision    recall  f1-score   support

       A:maj      0.868     0.633     0.732     43393
       A:min      0.578     0.795     0.669     13857
      Ab:maj      0.782     0.897     0.835      4183
      Ab:min      0.509     0.945     0.662      2080
       B:maj      0.721     0.668     0.694     16128
       B:min      0.524     0.811     0.637      5568
      Bb:maj      0.852     0.844     0.848     10218
      Bb:min      0.380     0.998     0.550       579
       C:maj      0.850     0.716     0.777     29065
       C:min      0.524     0.995     0.687      1184
       D:maj      0.825     0.679     0.745     33351
       D:min      0.653     0.802     0.720     11138
      Db:maj      0.470     0.897     0.616      4576
      Db:min      0.538     0.891     0.671      6136
       E:maj      0.859     0.711     0.778     37723
       E:min      0.566     0.761     0.649      7535
      Eb:maj      0.614     0.871     0.720      4931
      Eb:min      0.545     1.000     0.705       556
       F:maj      0.754     0.724     0.739     13805
       F:min      0.613     0.942     0.743      2277
       G:maj      0.834     0.721     0.773     41866
       G:min      0.532     0.904     0.670      3210
      Gb:maj      0.756     0.797     0.776      6221
      Gb:min      0.564     0.841     0.675      8038

    accuracy                          0.735    307618
   macro avg      0.655     0.827     0.711    307618
weighted avg      0.770     0.735     0.740    307618
