              precision    recall  f1-score   support

       A:maj      0.651     0.727     0.687     16011
       A:min      0.616     0.300     0.404      4600
      Ab:maj      0.719     0.426     0.535      3063
      Ab:min      0.133     0.430     0.203       235
       B:maj      0.443     0.481     0.461      4720
       B:min      0.581     0.164     0.256      4772
      Bb:maj      0.550     0.561     0.556      3452
      Bb:min      0.429     0.260     0.324      1143
       C:maj      0.620     0.710     0.662     11411
       C:min      0.892     0.122     0.215      5083
       D:maj      0.634     0.736     0.681     14686
       D:min      0.070     0.206     0.104       641
      Db:maj      0.388     0.427     0.406      2350
      Db:min      0.606     0.513     0.555      2074
       E:maj      0.534     0.757     0.626     11683
       E:min      0.620     0.145     0.236      4430
      Eb:maj      0.633     0.581     0.606      2856
      Eb:min      0.217     0.244     0.230       307
       F:maj      0.610     0.693     0.649      6814
       F:min      0.346     0.275     0.307      2598
       G:maj      0.643     0.768     0.700     17200
       G:min      0.405     0.294     0.341      1706
      Gb:maj      0.646     0.493     0.559      3440
      Gb:min      0.444     0.449     0.447      3544

    accuracy                          0.583    128819
   macro avg      0.518     0.449     0.448    128819
weighted avg      0.600     0.583     0.563    128819
