Classification Report - common - TRAIN
======================================================================

              precision    recall  f1-score   support

       A:maj      0.877     0.649     0.746     43393
       A:min      0.600     0.799     0.686     13857
      Ab:maj      0.681     0.926     0.785      4183
      Ab:min      0.503     0.944     0.656      2080
       B:maj      0.743     0.691     0.716     16128
       B:min      0.504     0.858     0.635      5568
      Bb:maj      0.884     0.819     0.850     10218
      Bb:min      0.401     0.990     0.571       579
       C:maj      0.878     0.718     0.790     29065
       C:min      0.518     0.990     0.680      1184
       D:maj      0.843     0.678     0.752     33351
       D:min      0.641     0.845     0.729     11138
      Db:maj      0.432     0.913     0.586      4576
      Db:min      0.579     0.888     0.701      6136
       E:maj      0.879     0.694     0.776     37723
       E:min      0.552     0.796     0.652      7535
      Eb:maj      0.641     0.871     0.739      4931
      Eb:min      0.596     0.991     0.744       556
       F:maj      0.743     0.772     0.757     13805
       F:min      0.708     0.930     0.804      2277
       G:maj      0.842     0.719     0.776     41866
       G:min      0.502     0.914     0.648      3210
      Gb:maj      0.757     0.818     0.786      6221
      Gb:min      0.588     0.838     0.691      8038

    accuracy                          0.742    307618
   macro avg      0.662     0.835     0.719    307618
weighted avg      0.781     0.742     0.748    307618
