Accuracy: 0.5369
Macro F1: 0.3431
Balanced Acc: 0.3928

              precision    recall  f1-score   support

       A:maj      0.597     0.899     0.718        99
       A:min      0.300     0.167     0.214        18
      Ab:maj      0.000     0.000     0.000         1
      Ab:min      0.000     0.000     0.000         2
       B:maj      0.933     0.519     0.667        27
       B:min      0.000     0.000     0.000         0
      Bb:maj      1.000     0.333     0.500         6
       C:maj      0.706     0.828     0.762        29
       C:min      0.400     0.500     0.444         4
       D:maj      1.000     0.023     0.045        43
       D:min      0.786     0.733     0.759        15
      Db:maj      0.000     0.000     0.000         8
      Db:min      0.000     0.000     0.000        12
       E:maj      0.833     0.921     0.875        38
       E:min      0.000     0.000     0.000         4
      Eb:maj      0.667     0.250     0.364         8
       F:maj      1.000     0.667     0.800         9
       G:maj      0.282     0.935     0.433        31
       G:min      0.000     0.000     0.000         8
      Gb:maj      0.000     0.000     0.000         0
      Gb:min      0.714     1.000     0.833        10
           N      0.385     0.081     0.133        62

    accuracy                          0.537       434
   macro avg      0.436     0.357     0.343       434
weighted avg      0.595     0.537     0.476       434
