Accuracy: 0.3894
Macro F1: 0.2268
Balanced Acc: 0.2503

              precision    recall  f1-score   support

       A:maj      0.538     0.788     0.639        99
       A:min      0.000     0.000     0.000        18
      Ab:maj      0.000     0.000     0.000         1
      Ab:min      0.000     0.000     0.000         2
       B:maj      1.000     0.074     0.138        27
       B:min      0.000     0.000     0.000         0
      Bb:maj      1.000     0.333     0.500         6
       C:maj      0.590     0.793     0.676        29
       C:min      0.000     0.000     0.000         4
       D:maj      0.455     0.116     0.185        43
       D:min      0.182     0.133     0.154        15
      Db:maj      0.000     0.000     0.000         8
      Db:min      0.000     0.000     0.000        12
       E:maj      0.457     0.553     0.500        38
       E:min      0.000     0.000     0.000         4
      Eb:maj      0.000     0.000     0.000         8
       F:maj      1.000     0.667     0.800         9
       G:maj      0.269     0.452     0.337        31
       G:min      0.000     0.000     0.000         8
      Gb:maj      0.000     0.000     0.000         0
      Gb:min      0.909     1.000     0.952        10
           N      0.122     0.097     0.108        62

    accuracy                          0.389       434
   macro avg      0.296     0.228     0.227       434
weighted avg      0.408     0.389     0.352       434
