Accuracy: 0.7109
Macro F1: 0.5499
Balanced Acc: 0.6049

              precision    recall  f1-score   support

       A:maj      0.919     0.838     0.877        68
       A:min      0.429     0.375     0.400        16
      Ab:maj      0.429     0.333     0.375         9
      Ab:min      0.308     0.200     0.242        20
       B:maj      0.460     0.719     0.561        32
       B:min      0.000     0.000     0.000        22
      Bb:maj      0.778     0.854     0.814        41
      Bb:min      0.556     0.500     0.526        10
       C:maj      0.804     0.925     0.860        40
       C:min      0.000     0.000     0.000         0
       D:maj      0.613     0.864     0.717        22
       D:min      0.840     0.656     0.737        32
      Db:maj      0.857     0.800     0.828        15
      Db:min      0.000     0.000     0.000         2
       E:maj      0.833     0.859     0.846        64
       E:min      0.286     0.250     0.267        16
      Eb:maj      0.667     1.000     0.800        26
      Eb:min      0.000     0.000     0.000        10
       F:maj      0.839     0.723     0.777        65
       F:min      0.278     0.833     0.417         6
       G:maj      0.956     0.782     0.860        55
       G:min      0.650     0.722     0.684        18
      Gb:maj      1.000     0.769     0.870        26
      Gb:min      0.625     0.909     0.741        11

    accuracy                          0.711       626
   macro avg      0.547     0.580     0.550       626
weighted avg      0.712     0.711     0.702       626
