Accuracy: 0.6825
Macro F1: 0.5731
Balanced Acc: 0.6110

              precision    recall  f1-score   support

       A:maj      0.830     0.763     0.795       473
       A:min      0.549     0.515     0.532        97
      Ab:maj      0.625     0.783     0.695        83
      Ab:min      0.490     0.471     0.480        51
       B:maj      0.622     0.436     0.513       181
       B:min      0.657     0.561     0.605        82
      Bb:maj      0.500     0.923     0.649        52
      Bb:min      0.056     0.071     0.062        14
       C:maj      0.729     0.786     0.757       192
       C:min      0.282     0.478     0.355        23
       D:maj      0.792     0.709     0.748       375
       D:min      0.359     0.544     0.433        68
      Db:maj      0.320     0.485     0.386        33
      Db:min      0.554     0.750     0.637        48
       E:maj      0.770     0.746     0.758       315
       E:min      0.518     0.548     0.533       104
      Eb:maj      0.527     0.872     0.657        78
      Eb:min      0.000     0.000     0.000        12
       F:maj      0.770     0.815     0.792       119
       F:min      0.457     0.840     0.592        25
       G:maj      0.900     0.668     0.767       337
       G:min      0.600     0.452     0.516        73
      Gb:maj      0.735     0.685     0.709        73
      Gb:min      0.809     0.760     0.784       100

    accuracy                          0.683      3008
   macro avg      0.560     0.611     0.573      3008
weighted avg      0.713     0.683     0.690      3008
